51,61,53
57,55,53
57,49,59
8,6,1
3,7,5
4,2,9
6,1,8
7,5,3
2,9,4
7,12,1,14
2,13,8,11
16,3,10,5
9,6,15,4
7,12,1,14
2,13,8,11
16,3,10,5
9,6,4,15
7,12,1,14
2,13,8,11
16,3,10,4
9,6,15,5
37,78,29,70,21,62,13,54,5
6,38,79,30,71,22,63,14,46
47,7,39,80,31,72,23,55,15
16,48,8,40,81,32,64,24,56
57,17,49,9,41,73,33,65,25
26,58,18,50,1,42,74,34,66
67,27,59,10,51,2,43,75,35
36,68,19,60,11,52,3,44,76
77,28,69,20,61,12,53,4,45
18 , 82 , 29
54 , 43 , 32
57 , 4 , 68
15 , 54 , 21
36 , 30 , 24
39 , 6 , 45
3 , 20 , 10
18 , 11 , 4
12 , 2 , 19
10 , 40 , 13
24 , 21 , 18
29 , 2 , 32
25 , 92 , 36
62 , 51 , 40
66 , 10 , 77
17 , 25 , 18
21 , 20 , 19
22 , 15 , 23
21 , 43 , 23
31 , 29 , 27
35 , 15 , 37
24 , 66 , 30
46 , 40 , 34
50 , 14 , 56
18 , 64 , 20
36 , 34 , 32
48 , 4 , 50
19 , 44 , 21
30 , 28 , 26
35 , 12 , 37
22 , 88 , 34
60 , 48 , 36
62 , 8 , 74
15 , 60 , 18
34 , 31 , 28
44 , 2 , 47
7 , 28 , 16
26 , 17 , 8
18 , 6 , 27
11 , 44 , 17
30 , 24 , 18
31 , 4 , 37
9 , 33 , 15
25 , 19 , 13
23 , 5 , 29
20 , 65 , 26
43 , 37 , 31
48 , 9 , 54
8 , 43 , 21
37 , 24 , 11
27 , 5 , 40
13 , 42 , 17
28 , 24 , 20
31 , 6 , 35
17 , 72 , 31
54 , 40 , 26
49 , 8 , 63
19 , 92 , 33
62 , 48 , 34
63 , 4 , 77
15 , 67 , 20
39 , 34 , 29
48 , 1 , 53
13 , 34 , 22
32 , 23 , 14
24 , 12 , 33
29 , 99 , 43
71 , 57 , 43
71 , 15 , 85
14 , 42 , 16
26 , 24 , 22
32 , 6 , 34
22 , 18 , 14
21 , 8 , 25
11 , 28 , 15
19 , 80 , 30
54 , 43 , 32
56 , 6 , 67
19 , 78 , 29
52 , 42 , 32
55 , 6 , 65
11 , 47 , 26
43 , 28 , 13
30 , 9 , 45
13 , 68 , 24
46 , 35 , 24
46 , 2 , 57
23 , 53 , 26
37 , 34 , 31
42 , 15 , 45
16 , 63 , 29
49 , 36 , 23
43 , 9 , 56
28 , 77 , 33
51 , 46 , 41
59 , 15 , 64
14 , 69 , 22
43 , 35 , 27
48 , 1 , 56
2 , 33 , 16
31 , 17 , 3
18 , 1 , 32
20 , 65 , 35
55 , 40 , 25
45 , 15 , 60
14 , 71 , 23
45 , 36 , 27
49 , 1 , 58
22 , 73 , 25
43 , 40 , 37
55 , 7 , 58
13 , 63 , 23
43 , 33 , 23
43 , 3 , 53
8 , 50 , 20
38 , 26 , 14
32 , 2 , 44
24 , 60 , 27
40 , 37 , 34
47 , 14 , 50
9 , 30 , 12
20 , 17 , 14
22 , 4 , 25
23 , 87 , 37
63 , 49 , 35
61 , 11 , 75
21 , 47 , 25
35 , 31 , 27
37 , 15 , 41
18 , 34 , 20
26 , 24 , 22
28 , 14 , 30
12 , 59 , 22
41 , 31 , 21
40 , 3 , 50
24 , 75 , 30
49 , 43 , 37
56 , 11 , 62
20 , 66 , 31
50 , 39 , 28
47 , 12 , 58
23 , 80 , 29
50 , 44 , 38
59 , 8 , 65
16 , 48 , 29
44 , 31 , 18
33 , 14 , 46
30 , 27 , 24
34 , 10 , 37
17 , 44 , 20