1
22
333
4444
55555
666666
7777777
88888888
999999999
121212121212
151515151515151
181818181818181818
212121212121212121212
9489169157393844851597
5455835183242863642397
1607377661
540549064377
86995647706729
1
21259302159531299954
78068539434892
682778657
124815264682735201705
32608
898636902973581656
389402636389194341277
73541325681240233
18121121
35329768871662680818078448
658150422
667
3666
10560643838093
200304
17804445608
8487904239148202
16638401780
75088385403983151
577257465289867664566874
97257329258134617947794813
2667978084
529700636
825463179073
5158
1410223742655814518402
6304234820821731344531
89567944674129
685154
567108723698
44339774611373
396849920137
57681319813222365527297
38020
57631191200299950053982
39852457978592
1085983281686
98522163255
8198977737164947091221427
9
4238996369334521
84741
21559920
32080312479282828153
854320
26217713810
399014
6994627744668233
7598308320619
543218643763383649048
7875467960485263183871
41149814169105092231
2453885
33375933220
85922853
69
442308283060304
2
3192359065212007
11380556433373084
1205
112794773869553256080
1666
480
93954752723548554302395690
60248425971374736679288
16213012974
19047136
5385060
834144820
27701256732
65062814653580845151805
6373855
110680
12
171363
7569387122141982543240789
857
382422144
5197890875928925003177
5544455289369890150037157
2
105836454
92501467
195493902669008876238448
95298631227114843530233404
311233
938114932400764105173215
623147187917772994672
1850825666597691
97115009526862334
6031948470834
70074
804632280583782007173624
695946716355876305391357
448510947748014806293662
9
701037836240125252152
550929407
3
6478304867038916949631648
179609097212
770060285942238732257348
456476199383
79183394977196971988784771
81390476870201771
13063
168893124359205
20
502406286759465
482843751544640874595
739820997
747331330379
1384102951165358074558118
32426483158794815
287722905802622033778
438112918992315
32917
558615363060471271
2573505875251
337437318
406493368341571504135194
1838373379780237027
5101927
7843730939686960804
1028537729464354876
511671517504933972070137
61573435714370521443
2165626926131410365424
69225075
95852264071781
81444514
78477192
108311417200033550577830
149571222
3914520526422517529922062
63022359220460446
7432
1054194371929530629
3443966473206879993925
37159799597140741594428
25238594788828624995949
57040605
53865617606668597743538
7706067135691550057
9824434402618972061979
465745299674505
6
7805234
624849178816910
484216655
599458033033
8
8525117622889713255484113
2958972239553748
851989399492512
3399585794503189677445298
81388463
71530076182736
3609046606
45925115039043
8175808005
81225901940162526200513
3270964633295388418
45015106437
7579483491238051641074
23
5948179154562587972102
56666815158661317
7965184693525382
800077491
3972597
220686604536841270120
35117359979072
3554220260515880079905876
6637724421703574
5232846812563097558784816
13813849131639460
500735738009442
742
293980769
46
30368565541231484
31899823076
63584544
6
1229179
694098394
86066108870776787794
722260307370701538
98754579831031697636
477901887487
564022949286779670
43609780299322016768270
